0.7139164	60.245342
0.7750837	60.995716
0.845476	61.870632
0.6977255	63.04284
0.709291	64.049805
0.710124	65.04562
0.735411	66.03836
0.6930135	67.01968
0.7342335	67.97841
0.693322	69.00361
0.707363	69.992714
0.7257275	71.04232
0.72863555	72.04868
0.743935	73.00866
0.7408668	73.99002
0.762428	74.98797
0.714106	75.99483
0.7071975	77.0114
0.7159181	78.042015
0.7881581	78.92918
0.7926971	79.968185
0.7595338	81.03754
0.7518343	81.98625
0.7474842	82.98451
0.74161035	83.999886
0.7505159	84.98956
0.7606726	86.00263
0.746448	87.02244
0.7460674	87.8519
3.003057	60.2532
2.986118	61.001816
2.989303	61.85273
2.999936	62.97746
3.007862	63.978737
3.023528	64.98074
2.994751	65.98445
2.96448	66.996956
3.0430005	68.00535
2.969185	68.99379
3.06448	69.99898
2.9749086	71.008224
2.82789	72.05804
2.948006	73.010475
3.0152888	74.00275
2.9938905	74.99148
2.9076364	75.97081
2.926789	77.000694
2.754709	78.088554
3.0486465	78.98964
3.138516	79.94589
3.0383465	81.01382
3.024456	81.9914
3.0274556	82.98562
2.9930508	84.01131
2.9973092	84.998276
2.9864576	86.009346
3.0012848	87.029076
2.9940555	87.85014
4.6447973	60.201355
4.5781283	60.832638
4.782858	62.203575
5.6501217	63.104645
5.978419	63.997448
5.991854	64.99903
5.9877167	65.99825
6.0855494	66.99517
6.046571	68.00971
5.9120197	69.00752
6.067068	70.00696
5.967867	70.99912
5.982274	72.014946
5.8144536	73.04324
5.7926636	74.0157
5.8526864	74.98645
5.868136	75.96522
5.9905934	77.00119
6.1300135	78.057625
5.9689455	79.06625
6.0870514	79.934875
6.083682	80.9947
6.0411367	82.0111
5.992642	82.97741
6.01554	83.99864
6.004425	85.00487
6.0102434	86.00994
6.001914	87.028206
5.997164	87.84918
7.6143155	63.286842
8.471619	64.19835
9.053065	65.02348
9.00914	66.014435
8.987982	67.01194
9.009991	67.9853
8.985751	68.99872
9.048001	69.98592
8.981453	71.001755
8.990776	72.00416
8.907252	73.01338
8.982109	73.99463
8.959611	75.00281
9.0371275	76.013084
9.199476	77.0515
9.097576	78.018616
8.910263	79.06645
8.975119	79.96355
9.080333	81.01669
9.0026245	81.99499
9.016167	82.96828
8.99053	84.00597
8.991775	85.007614
9.007935	86.00454
9.000882	87.0253
9.005811	87.84797
10.99507	65.2329
11.187047	66.08196
11.777289	67.05017
11.897623	68.016335
12.032163	69.00999
11.949243	70.01078
12.010862	70.99945
12.006321	71.99507
11.994328	73.006
12.010148	73.995735
12.018527	75.00457
12.196306	76.08104
12.054988	77.01388
11.797903	77.855194
10.79042	78.99921
11.884956	80.19694
12.065116	81.02342
11.980543	81.9836
12.021337	82.95997
12.020524	84.00435
11.985024	85.001396
11.998324	86.002686
12.00111	87.031944
11.995606	87.85015
13.722394	67.372696
14.124336	67.93293
14.394676	69.16124
14.950001	70.005554
15.029361	71.010254
15.008098	72.00037
15.009422	72.99445
15.008462	74.008156
15.257736	75.09126
15.0418	75.99259
14.291896	76.76704
13.732319	77.7988
14.823017	80.27257
15.036606	81.02076
14.995518	81.956314
14.96247	82.97027
14.987549	84.00277
14.996199	85.007515
14.9921	86.01781
14.992908	87.03861
14.996026	87.852844
19.1469	60.304478
18.536951	61.04385
18.584652	61.97361
19.032032	62.77029
16.771759	69.25886
17.535055	70.14965
17.9758	71.00017
17.989985	72.00201
17.981089	73.004036
18.221016	74.06073
17.998636	75.00569
17.993387	75.97153
18.616753	76.87643
19.187702	77.72031
19.196243	79.35163
17.316181	80.3614
17.993216	81.06208
18.051512	81.93239
18.024796	82.98376
18.010494	84.00061
17.995743	85.001816
17.98515	86.00139
18.000097	87.03404
17.997404	87.852844
20.81903	60.20947
20.323406	61.03551
20.360304	61.972702
20.291336	63.023346
21.536047	63.871414
21.954584	64.89143
20.484015	70.39265
20.962606	71.016075
20.966427	72.00611
21.001078	73.00975
20.909056	74.08711
21.004934	74.9649
20.937334	76.0171
20.735641	76.88038
20.020422	77.84675
21.46646	79.08347
21.359957	80.420425
21.022346	81.11086
20.992764	81.9302
20.986567	82.97672
20.984259	83.99115
21.002897	85.0032
21.006353	86.00832
20.996988	87.03158
20.997997	87.85366
25.0577	60.043118
22.947893	64.29623
23.631073	65.19634
23.788143	65.58722
23.798424	71.22389
24.009802	72.00413
23.988968	73.00656
23.920351	74.09689
24.0464	75.00648
24.02951	75.962776
24.188892	76.92826
24.87083	78.14373
24.28749	78.81661
24.734854	80.43472
24.01619	81.098
24.02138	81.91791
24.002018	82.99094
24.00798	83.99499
24.006195	84.9907
24.00666	86.0088
24.009596	87.02462
23.986046	87.85235
26.981712	60.12945
26.898508	71.25583
27.004404	72.00218
27.000635	73.00324
26.99852	74.0709
26.97538	75.05269
27.080172	75.95446
26.98705	76.983284
26.935642	77.98689
27.11803	79.00162
27.66246	80.17617
26.971924	81.077034
27.032673	81.93292
26.997295	82.98367
26.982758	83.99126
26.985619	85.00399
27.005049	86.01949
27.003258	87.02956
26.994196	87.85255
31.101208	60.189922
31.179403	61.008514
31.070387	70.04257
30.352362	71.11658
30.005322	72.00631
30.00972	73.01233
30.058542	74.072266
30.019627	75.05818
30.00843	75.986
30.030603	76.95405
29.994608	77.99713
30.063604	79.02509
29.970005	80.01668
29.989733	81.07547
29.990927	81.94696
30.01834	82.971306
30.01682	83.98725
30.00107	85.0005
30.01008	86.00994
30.00293	87.03131
29.992731	87.849365
32.053623	60.36629
31.989685	60.83698
34.239487	66.38059
33.710587	66.62424
33.69207	69.45195
33.31722	70.10896
32.999454	71.00935
32.99646	71.99784
33.042133	73.00801
33.09759	74.067856
33.00024	75.03291
32.995266	75.9771
32.97525	76.96625
32.991703	78.004906
33.03467	79.024216
33.067764	79.96342
32.989456	81.07749
32.991096	81.93999
33.003212	82.980415
32.99358	83.98226
33.00393	85.00711
32.990738	86.00839
32.99373	87.029945
33.00922	87.85081
35.964294	61.32768
35.33679	61.7573
34.931305	62.67786
35.974678	65.177704
36.04584	65.915794
36.542496	69.3163
36.059753	70.00844
36.02021	70.9972
35.99851	72.02438
36.11325	73.05133
36.11782	74.04283
35.983696	75.009155
35.98633	75.99067
35.981426	76.974724
35.981075	78.011
36.008408	79.006905
35.997696	79.996796
35.993187	81.08031
35.97905	81.95595
36.00639	82.97193
35.992336	83.993576
35.98954	84.99164
35.992096	86.01453
35.986	87.02901
35.999943	87.85082
38.905224	65.15553
39.013725	65.842255
39.82246	68.32631
39.368317	68.98932
39.360817	69.97183
39.171383	70.985634
39.0726	72.02593
39.095726	73.06567
38.987362	74.01403
39.00053	75.00958
38.99889	75.98656
39.0553	76.968414
38.994537	78.00978
38.977085	79.031166
38.991833	80.00337
38.99634	81.0551
38.974545	81.974495
38.946186	82.95669
39.00422	83.99395
39.007244	84.99649
39.018246	86.023415
38.97692	87.035194
38.99604	87.852646
41.211178	66.32774
42.29901	66.99741
41.90404	68.03842
41.90594	69.02846
41.961884	70.01155
42.070404	70.98435
42.166126	71.99635
42.04674	73.01869
41.993065	74.00718
41.99714	75.02064
42.017033	75.99146
42.00984	76.97641
42.026337	77.9955
42.00319	79.0289
41.977848	79.996796
42.01146	81.03329
41.966976	81.97883
42.051235	82.962265
41.987465	83.987625
41.98282	84.99662
41.99175	86.00561
42.003582	87.0358
42.023064	87.852936
43.815323	66.38807
45.29475	67.13292
45.257057	67.75681
45.17149	69.046196
45.127693	70.00641
45.107784	70.99601
45.06752	72.00203
45.08213	73.00234
45.109642	74.00774
45.086212	75.01764
45.01002	75.98323
45.02385	76.97595
45.02657	77.98753
45.02775	79.02766
44.734818	79.93412
44.79522	81.11561
44.99101	81.96963
45.03298	82.97652
45.00204	83.98099
44.99433	85.00282
45.004982	86.00237
45.001072	87.03587
44.982613	87.84928
47.041344	67.20145
47.780888	68.10936
47.433334	68.94659
47.95297	70.02989
47.974457	71.00464
47.998405	71.99207
47.983803	73.008766
48.00737	73.99871
48.00378	74.99541
47.97703	75.9851
47.981148	76.97705
47.993202	77.990395
47.98534	78.99394
47.699265	79.72257
47.927776	81.269966
48.002674	81.96239
48.004	82.97285
47.976665	83.9904
48.00698	85.00252
47.994484	86.01428
48.01211	87.036125
47.996693	87.8523
49.990635	68.34378
51.16212	68.9805
50.9946	70.03666
50.814823	70.94875
50.402245	72.06935
50.842907	73.032455
50.95031	74.005646
50.979122	74.99927
50.99767	75.9858
51.04331	76.97962
51.038944	77.98004
51.01131	78.97872
51.2177	79.741554
51.23175	81.2963
51.038322	81.97837
51.019524	82.953804
50.981644	83.98423
50.96277	84.99745
50.98281	86.03763
50.99064	87.04229
51.001724	87.84957
54.675987	68.426414
54.109554	69.1618
53.90528	70.00872
53.15383	70.63481
52.84894	73.33555
53.26884	74.16395
53.853207	75.0106
53.943542	76.023056
54.016983	76.98967
54.031662	77.97097
54.00792	78.98127
53.965942	79.79588
53.64924	81.26463
53.964565	81.967674
54.01606	82.952354
54.001663	83.983246
53.993454	84.98025
54.00986	86.00846
53.99141	87.047066
54.010292	87.85125
56.905834	69.1262
56.928356	69.95716
57.919495	71.152664
57.38627	72.008545
57.695847	72.85815
58.274635	73.60545
55.99246	75.385925
56.831753	76.083084
56.99539	77.01206
56.969784	77.951454
56.944447	78.97907
56.873474	79.73014
56.105785	81.18172
56.721504	82.132835
56.983776	82.966
56.999504	83.98244
57.022736	85.011734
57.002647	85.9981
56.98273	87.04243
57.002724	87.85141
59.561817	68.43575
59.72493	69.09217
60.323742	70.183174
59.995857	70.99864
59.969555	71.992424
60.017506	72.97696
60.329487	73.90427
61.040527	74.66936
59.42165	76.34394
59.991684	77.011635
60.006268	77.962296
59.944427	78.96371
60.363987	79.76758
60.010677	81.21744
60.11196	82.209274
60.00541	82.962234
59.97468	83.99881
60.006798	84.99545
60.014515	86.006256
59.99147	87.04436
60.00757	87.85323
63.11408	70.089134
62.97848	70.99147
62.965557	71.98518
62.9695	73.00308
62.973537	73.98911
63.264233	74.89914
62.85558	76.40784
62.986084	77.02478
63.024204	77.95263
62.996323	78.962425
63.08938	79.947495
62.85314	81.250694
63.046955	82.133194
62.94633	82.975174
63.025517	83.990166
62.98005	85.01792
62.991463	86.02801
63.00111	87.05092
63.009407	87.853294
66.38458	69.26497
65.645905	70.01098
65.63981	71.04735
65.97915	71.99135
65.97901	72.989494
65.99674	73.99717
66.02122	74.997086
66.47997	75.670204
65.59346	77.17645
65.980316	77.971855
66.02474	78.96757
66.02793	79.991005
66.35466	81.06464
66.00054	81.98166
66.0372	82.979195
65.961464	83.98846
65.97902	84.99813
66.01499	86.011505
66.00296	87.05132
65.99739	87.853065
68.32807	68.44352
67.940346	68.8381
67.987755	72.08346
68.50461	73.102776
69.0347	73.99297
69.03628	75.00046
69.35096	75.915565
69.52407	77.172615
69.00541	77.97872
69.01253	78.96814
69.0269	79.992004
69.00482	81.0389
68.98902	81.975746
68.95704	82.980644
69.01297	83.98602
69.00264	85.00428
68.98097	86.00353
69.003395	87.04303
68.98107	87.85127
71.61881	66.429596
72.63665	66.96837
73.34885	67.89399
73.06094	69.13792
73.11119	69.99397
72.972305	71.052864
73.05106	71.922325
72.61601	73.125565
71.96973	73.979385
71.99073	75.014114
72.037186	76.01175
71.907616	77.022804
71.93915	77.986946
71.99167	78.99058
72.049515	79.9967
72.05502	81.0368
72.00266	81.97489
71.99401	82.97952
72.02742	84.00263
72.004295	84.9866
72.002174	86.01983
72.011826	87.03284
71.9981	87.850784
73.638756	67.33552
73.978	68.00636
74.09224	68.87676
73.669395	70.28596
75.50736	71.28271
74.969246	72.15467
75.04236	73.06711
75.02893	73.97328
75.000885	75.008026
74.978836	76.00326
75.02152	77.004906
74.95148	77.99167
74.99515	79.0019
74.95247	79.990395
75.011955	81.03178
75.01797	81.96119
74.999214	82.99351
74.99967	83.9905
75.010765	84.996376
75.02366	86.02942
75.00063	87.03787
74.99427	87.8518
77.21277	71.23301
77.31395	72.239845
77.90398	73.06151
77.986755	74.00091
77.99867	74.99893
77.99441	76.00198
77.977165	77.007286
77.963844	77.99421
77.95851	79.00053
78.0038	80.00598
77.938354	81.02821
77.986565	81.94969
78.01848	82.99675
77.981415	83.995995
77.999626	84.98561
78.0183	86.00366
78.004326	87.04424
77.99955	87.85209
81.38275	72.13594
80.01676	72.97858
80.9754	74.02221
80.872856	74.95671
80.99863	76.00997
80.9711	77.006645
80.959656	77.98021
80.95424	78.98754
80.96542	79.99844
80.956856	81.04585
81.00791	81.96863
81.006	82.994316
81.01825	83.99227
81.01151	85.01161
80.998665	86.00059
81.00298	87.04247
80.9756	87.85347
82.6131	71.852936
83.86243	74.12651
83.9734	74.9998
83.95988	76.01812
83.99171	76.99815
83.96623	77.98939
84.000656	78.99437
83.976265	80.004456
83.999825	81.03932
84.00884	81.98017
83.97804	82.97194
83.987465	83.99825
84.019745	84.98234
84.01348	86.01496
84.00649	87.047554
84.00364	87.85627
85.95445	74.112686
86.571045	75.25107
87.02326	75.98752
87.00757	76.99825
86.96856	77.99871
87.02749	78.98141
87.03436	80.00475
87.08105	81.06705
87.03969	81.95512
86.98197	82.9831
86.98298	84.00581
86.98485	84.99564
87.016075	86.02537
86.9909	87.043816
86.992615	87.853516
88.75822	75.46148
89.89751	76.01618
90.018005	77.01069
90.01497	77.987305
89.91306	78.98164
89.78555	80.02921
89.874405	81.02247
89.99827	81.94414
89.99456	82.9773
89.968895	84.00811
90.00211	85.01709
89.99469	86.00934
89.99435	87.04315
89.99759	87.852905
92.565155	76.230354
92.99912	76.983536
92.96136	78.00119
92.85603	78.84719
92.01997	79.58947
92.51995	81.24408
92.964584	81.964325
93.02161	82.99891
93.01468	83.99655
93.01584	85.02182
92.97293	85.99167
92.993996	87.03345
93.010574	87.852005
96.15909	76.35449
96.08264	77.04514
95.961876	77.9916
95.50108	78.6884
96.53698	81.3352
96.01144	81.997665
95.96863	82.979744
96.009766	84.0104
95.99837	84.99125
96.01156	86.027824
96.00526	87.03918
96.009056	87.85403
98.12496	76.320076
99.03045	76.993034
98.60446	77.78602
99.74492	78.724625
99.62499	80.29725
99.122894	81.05782
98.98753	81.966736
99.00887	82.99338
98.984245	84.00568
98.988754	84.991516
99.00479	86.02478
99.01203	87.03454
99.01012	87.853424
100.937935	77.23429
102.11674	77.74527
101.14939	79.370094
102.17474	80.13183
101.99395	81.02516
102.01582	81.9829
102.01658	83.00031
102.027054	83.99716
102.01728	85.012024
102.01101	86.005035
102.008316	87.03618
101.98496	87.853546
105.97084	77.181145
105.46414	77.89836
105.72569	79.218994
104.96377	79.99642
104.988945	81.05565
104.9985	81.9862
105.01382	82.99687
105.02033	83.99452
104.983604	85.006065
104.995636	85.98818
104.992	87.034
104.99369	87.85601
107.72037	73.362335
108.85726	73.65129
108.17384	77.12345
108.068596	77.96632
107.94842	78.96631
107.99982	79.99339
108.012695	81.06054
107.9752	82.0002
107.9772	82.985634
108.012794	84.00035
108.01611	84.99214
107.97874	86.00142
107.977325	87.03561
107.99479	87.85709
111.19871	74.07808
112.06655	74.619286
111.056984	77.089806
110.9741	77.97671
111.00226	78.98953
110.99757	79.984726
110.985634	81.05517
110.97612	81.98224
110.97647	82.99352
111.009315	84.00464
111.00196	84.99683
111.0073	86.01528
111.00516	87.03948
111.00698	87.85554
114.22939	74.04507
114.26253	74.92263
114.56068	76.074196
113.96289	76.98153
113.97754	77.963356
114.001236	78.996056
113.987656	79.98755
114.00404	81.05424
113.989365	81.988495
114.024605	83.000565
113.97528	83.995834
114.00387	84.99985
114.02203	86.00241
113.99882	87.045006
114.00025	87.854195
117.14389	74.067635
116.9866	74.98421
116.956825	75.99366
116.961044	76.99406
116.95654	77.99375
116.98226	78.98868
117.01083	79.99189
117.02703	81.06989
116.944496	81.99218
117.01445	82.9957
116.99418	83.98908
116.99708	85.01396
116.98251	85.99146
116.99681	87.037315
117.00608	87.8573
120.33893	73.281876
119.94926	74.05403
120.01006	74.98396
119.93846	75.98954
119.98843	76.98047
120.039604	78.00294
120.00416	78.99926
119.95028	79.98829
119.97633	81.069275
119.97741	81.985634
120.01828	83.009636
119.98615	83.993546
120.02111	84.99999
120.00076	85.99865
119.992325	87.03499
120.00064	87.8569
122.23239	73.234436
122.8801	74.12438
123.01373	74.9719
123.03465	75.9866
122.987816	76.98148
122.958275	78.01331
123.028305	78.994804
122.95653	79.99459
122.98041	81.06928
122.991844	81.9975
122.99072	83.00423
123.00176	83.99754
123.004524	85.00667
122.990364	86.01858
122.99871	87.040764
123.012634	87.85628
127.23685	73.46323
126.160645	74.096214
126.015076	74.9823
126.02324	75.98785
126.01207	76.97842
125.97558	77.990486
126.00017	78.99644
126.000916	80.0033
125.99555	81.0567
126.009995	81.98805
126.02912	83.00459
125.98614	83.992874
125.999626	85.002365
126.01405	86.01989
126.03695	87.04397
125.99022	87.85374
130.09404	71.30455
129.95404	71.92903
129.85492	73.198395
128.93272	74.02607
129.0227	74.98398
128.9999	75.98952
129.008	76.97716
129.01726	77.993126
128.97794	78.997444
129.02391	79.988625
129.00203	81.05606
129.01768	82.003334
128.99342	83.00571
129.00397	83.981224
128.99124	85.00959
129.01678	85.99365
128.99747	87.0343
128.98546	87.85503
131.15639	71.21082
131.85262	72.07229
132.02638	72.9988
131.94676	74.02037
131.9222	74.99751
131.99953	75.98696
132.03421	76.99043
132.01198	77.9643
132.00803	79.00994
131.98677	80.00343
131.97186	81.05619
132.00987	81.994896
131.98274	83.00515
132.01315	83.977776
132.01817	85.009766
131.97871	85.99259
131.99287	87.045105
131.99277	87.85696
134.25972	71.454636
134.82242	72.0268
134.97766	72.99608
134.94537	73.998116
134.6174	74.91839
134.5847	76.02958
135.02475	76.98586
135.00514	77.98733
134.98053	78.999596
135.02399	79.99219
135.00624	81.05432
135.00163	81.998886
134.9842	82.99038
135.0195	84.00777
135.01671	84.99244
135.00041	86.01406
135.00441	87.04467
135.00822	87.85329
137.81374	72.04351
137.99077	73.00167
137.91989	73.99226
137.2436	74.64772
137.6469	76.33955
138.04224	76.984535
138.0133	77.990456
138.009	78.9789
138.00055	80.009415
138.00507	81.05511
138.0279	81.99218
137.99695	82.99094
137.99715	84.00378
137.9857	84.99746
138.00829	86.0131
138.00798	87.03969
138.00043	87.85299
139.62303	71.6668
140.54985	72.94038
140.62047	74.10398
141.25443	74.67545
141.30978	76.352905
140.96016	76.973114
141.00854	77.98678
141.0294	78.98839
141.01373	80.00763
140.99211	81.057304
140.99484	82.005936
141.01483	82.99356
141.00363	83.987976
141.0095	85.01001
140.99803	85.98807
140.98383	87.03956
141.00801	87.85464
144.50517	72.975136
144.72066	73.98898
144.91473	74.7402
144.18994	76.22465
143.96637	76.975365
144.00925	77.98198
144.0039	78.97257
143.95712	80.00613
144.00201	81.05589
144.00464	81.996506
143.95973	82.99267
144.01628	84.00469
144.00485	85.010284
143.99002	86.00387
143.98616	87.03657
144.00662	87.854515
147.43701	72.42828
146.9803	72.982544
146.96823	73.98787
146.4933	74.724304
147.09827	76.08897
147.00194	76.97535
146.97466	77.99328
147.00215	79.00336
147.00981	80.00727
146.97414	81.05992
146.97812	81.98979
146.96872	83.00729
147.00151	84.01245
146.99835	84.98176
147.00565	86.008224
146.98676	87.0413
147.0002	87.85556
151.13016	71.46325
150.5767	72.15532
149.98341	72.998825
149.99376	73.99193
150.67476	74.80446
150.06178	75.99285
149.98357	76.97174
150.00182	77.99136
149.98485	78.99543
150.02138	79.99424
149.96584	81.04076
150.0029	81.99389
150.0004	83.0127
149.98117	84.00067
149.97276	84.99684
149.99792	86.01379
150.00414	87.04414
149.99557	87.85696
153.26468	71.233246
152.97	72.005714
152.95096	72.98314
152.97078	74.01216
152.9725	75.01035
152.9779	75.99761
152.96011	76.97831
152.97076	78.01335
152.94853	78.98351
152.96089	79.9968
153.00351	81.05937
153.02605	82.003174
152.99818	82.99316
152.95885	83.9952
152.96687	85.00605
153.00743	86.00375
152.99127	87.0344
153.00574	87.853325
156.15755	60.234356
156.83128	60.886173
157.28008	61.561375
155.97195	71.27098
156.0128	71.992905
155.99199	73.00024
155.99919	73.996506
155.96776	74.99746
155.93564	75.978455
155.98059	77.01122
155.98726	77.99609
155.9846	78.97745
156.01564	80.01076
156.01247	81.06828
155.97554	81.99066
155.95436	82.99745
155.9807	83.99493
156.01476	85.00557
155.99529	86.0009
156.01195	87.03526
155.99538	87.855644
158.99911	60.238842
158.81833	60.980865
158.69894	61.62513
160.23178	70.04223
159.39392	71.1557
159.00189	71.99138
159.0108	72.99277
158.98361	74.01167
158.95448	74.98777
158.98462	75.99471
158.95985	76.98451
158.98354	78.013664
158.99846	78.99395
158.96567	79.9837
158.98004	81.06845
158.9869	81.99756
158.98718	83.00555
158.97395	84.01685
159.0069	84.993164
158.99503	86.0103
159.0144	87.03897
159.00165	87.85573
161.1389	60.274788
162.21051	60.95612
163.26648	61.82424
161.86507	70.08108
162.00963	71.01089
162.03825	71.99391
162.02112	72.98799
161.99165	73.99626
161.96263	74.98071
161.96507	75.99012
161.98375	76.99568
161.99916	77.993935
161.96445	78.99179
161.9416	79.99382
161.98387	81.06095
162.02159	81.99539
162.01164	83.00532
161.9925	84.003746
161.99115	85.00014
161.9977	86.02004
161.99484	87.048485
162.00938	87.85394
165.88031	60.116856
163.58826	61.263313
163.77034	62.231403
164.1757	62.55311
165.17899	70.054115
165.0326	70.993866
165.05028	71.9951
165.02545	72.99892
165.01172	73.98468
164.99869	74.990204
164.96773	75.99506
164.97723	77.0012
165.02087	77.983795
164.98003	78.99516
164.98262	80.005104
165.00226	81.06064
164.97887	82.01127
164.99034	82.98492
164.9802	84.00575
164.98788	85.00493
165.0061	85.99733
165.00768	87.03918
164.99475	87.85484
168.21196	60.193233
168.40625	60.521194
168.99959	69.32884
167.74884	70.14717
168.02303	70.99302
168.01572	71.988
167.9938	73.00038
167.97116	73.99419
167.97203	74.98471
168.00548	75.98663
167.99837	76.99519
167.9807	77.99007
168.03522	79.00573
168.00113	80.006874
167.99174	81.06121
168.00035	82.0044
167.98077	82.999725
167.99245	83.99481
167.99135	85.0205
168.00226	85.99117
168.00566	87.03494
167.99937	87.85784
171.63794	60.20876
172.16545	60.63968
170.08275	69.160835
170.52603	70.20669
170.98656	70.99746
171.0399	71.990746
171.00616	72.99436
170.9843	73.99408
171.00267	74.98974
171.01794	75.99543
170.99858	76.99773
170.98221	77.973404
170.99472	79.00059
171.00626	79.99376
171.01344	81.063416
170.96046	81.98708
170.98216	83.00847
171.01004	84.0061
171.00078	85.00286
170.99536	86.00948
170.99666	87.04798
171.00638	87.855286
173.94907	60.250813
174.26372	60.891647
174.94388	61.647648
174.11649	70.20838
174.01285	70.998
173.99379	71.98054
173.99019	72.99618
173.99469	73.98861
173.99062	74.99077
174.01546	75.99065
174.00668	76.99754
173.9886	77.997536
173.97957	78.99523
173.99345	80.00162
174.0128	81.06521
173.99428	81.99916
174.00565	83.01054
174.00111	84.01586
173.99013	84.99568
173.9959	86.031204
174.01276	87.04164
173.99278	87.85384
177.02043	60.25825
177.01079	60.986248
177.2262	61.862682
177.89795	64.40797
177.95778	64.58397
177.23923	70.09676
177.06973	70.99767
177.05692	71.98141
177.04991	72.98063
176.96504	73.99859
176.99802	75.00227
176.97401	75.99428
177.01549	76.98977
177.02602	77.98537
177.04274	78.99834
176.99724	80.01094
176.9942	81.07254
177.07309	81.99897
177.00298	82.99756
176.97392	84.004715
176.98772	84.99516
177.00876	86.0073
177.00761	87.037895
176.99661	87.85684
-179.91377	60.254623
179.96475	60.985462
-179.8152	61.9533
-179.48207	63.017673
-179.74835	64.00466
-179.29108	64.82685
-179.09639	65.84781
-179.3767	69.25725
-179.93958	70.00726
179.78246	70.73884
179.95744	72.0
-179.98529	72.98557
-179.96347	73.98497
179.99384	74.99452
-179.98552	76.00086
-179.96887	76.99101
179.98709	77.997635
-179.98509	79.00625
-179.96335	80.00045
-179.99136	81.07145
179.95422	82.01313
-179.9879	82.99203
-179.98691	83.987755
179.99039	85.01509
-179.99266	85.996445
-179.99982	87.02663
179.99951	87.85338
-176.99577	60.255917
-176.94853	60.979958
-176.98676	62.001957
-177.06914	63.00561
-177.0431	64.02338
-177.09665	64.92021
-176.8996	65.52736
-176.25912	68.2813
-176.92569	69.012474
-176.93553	70.00446
-176.76843	70.9249
-176.96706	71.99402
-176.98209	72.985245
-177.00198	73.98003
-176.95934	74.9941
-177.02171	75.980736
-176.98059	76.9956
-177.02115	77.98958
-177.00348	78.98639
-177.00685	80.00111
-177.01501	81.06562
-177.05138	81.99635
-177.05658	83.00357
-176.96477	83.99456
-176.98427	85.00469
-176.97546	86.00504
-176.98975	87.03358
-177.00008	87.853905
-174.16396	60.238335
-174.01141	60.99008
-174.02551	61.98275
-174.0214	63.01168
-174.20662	63.94759
-174.98195	64.60528
-173.66835	67.26685
-173.91548	68.019646
-174.0145	69.0
-174.01949	70.01537
-173.92632	70.99555
-173.94638	71.99531
-173.98753	72.983444
-173.98042	73.965866
-174.01141	74.99887
-173.95107	75.98164
-173.98338	76.98392
-173.96977	77.99813
-173.967	78.988174
-174.00514	79.99743
-173.98044	81.069176
-173.98735	81.99208
-173.99915	83.007805
-174.00795	84.01788
-173.98035	84.99683
-174.00775	86.033165
-174.00938	87.03524
-173.9972	87.85753
-171.00613	60.24373
-170.95819	61.00399
-170.94957	61.99903
-171.18906	62.889782
-171.05547	64.05026
-170.75964	64.979454
-169.97173	65.83388
-170.66835	67.112144
-171.13855	67.98065
-171.15764	69.00645
-171.03235	70.01617
-171.0229	71.009605
-170.9992	71.9816
-171.02957	72.967834
-170.995	74.00138
-170.94322	74.98728
-170.9759	75.99219
-171.02701	76.98728
-170.99155	77.98826
-171.0131	79.00534
-171.02994	80.00624
-171.0083	81.07704
-170.97635	82.00267
-170.97505	82.99812
-171.01346	84.009834
-171.01653	85.00483
-171.00128	86.024086
-171.00827	87.034874
-170.99805	87.85523
-168.46233	60.261456
-168.27708	61.011627
-168.0951	62.004498
-167.9485	62.95553
-168.0711	63.9398
-168.58215	64.91006
-168.56136	66.146965
-168.15038	66.97223
-168.31181	67.942245
-168.17639	69.05289
-167.98042	70.02686
-168.0459	71.0262
-168.023	71.98975
-168.00244	72.97328
-168.02196	73.99587
-167.99026	74.98477
-168.00536	75.99126
-168.01141	76.98672
-167.97662	77.99013
-167.9622	79.00211
-168.01062	80.0034
-167.99821	81.077034
-167.99289	82.00493
-167.99959	83.003075
-167.98256	83.9965
-167.9991	85.02808
-167.99806	85.99397
-167.99292	87.02377
-168.00351	87.85444
-165.27533	60.21962
-166.09131	60.87903
-166.23605	62.215916
-165.95744	63.144897
-165.60454	63.92562
-166.0985	64.531
-166.08452	66.38469
-165.60173	67.00101
-165.95528	67.75833
-165.52573	69.24841
-165.11713	70.08804
-164.91629	71.01527
-165.01402	71.98979
-165.04532	72.98002
-164.99873	73.9944
-164.9959	74.99286
-164.9928	75.98463
-164.96677	76.985214
-165.0126	77.97595
-165.04395	78.98978
-164.99965	80.00166
-165.02853	81.06563
-165.0257	82.00619
-165.02203	83.00692
-164.96803	83.99719
-164.98895	85.01771
-164.98856	85.99087
-165.0101	87.03596
-165.00484	87.85491
-163.0989	63.386684
-162.18341	63.964127
-161.44206	64.623726
-162.61935	66.30601
-162.98328	66.67684
-163.0302	70.33894
-162.14525	71.04153
-162.0099	71.98468
-161.97983	72.98498
-162.01767	73.99059
-162.01968	74.99086
-161.97781	75.99488
-161.98822	76.981895
-161.98811	77.98311
-161.99077	78.99319
-162.02054	80.00133
-161.99075	81.06591
-162.007	82.001015
-162.01228	83.00536
-161.9932	84.0116
-161.97896	84.99526
-162.02472	86.00406
-162.00562	87.04222
-161.99513	87.85497
-159.58195	71.25259
-159.10019	71.99611
-159.03206	72.98796
-158.98332	73.99194
-159.02502	74.98828
-159.04614	75.9893
-159.01622	76.99006
-159.00987	77.954475
-159.06464	78.99833
-159.0197	80.00026
-159.03271	81.075195
-158.98682	82.01241
-158.96434	82.99718
-159.00809	84.00945
-158.99231	85.00807
-158.98994	86.02249
-158.9919	87.04158
-158.99406	87.85334
-155.98755	71.379456
-156.02194	72.11052
-155.99962	72.98754
-156.02243	73.99892
-155.98846	74.99213
-156.0273	75.98502
-156.01277	76.975494
-155.95392	77.9886
-155.95546	78.996475
-155.96674	79.992744
-155.97629	81.07992
-155.96227	82.00032
-155.999	82.99654
-156.00835	84.003296
-156.01784	85.0096
-155.98105	86.01765
-156.00262	87.03087
-155.98822	87.84753
-151.86235	60.23411
-151.58806	60.602367
-152.79478	71.219734
-152.96452	72.06502
-152.98935	72.99134
-152.99722	73.992195
-153.0267	74.97677
-152.98927	75.98921
-152.96683	76.97485
-152.98582	77.98772
-152.9868	78.98651
-153.03056	80.001785
-153.02885	81.07033
-153.02452	82.00137
-152.98601	83.00957
-152.98297	83.99564
-152.98132	85.017075
-152.99345	85.989975
-153.00414	87.02567
-153.00311	87.84734
-150.92126	61.000404
-149.73834	71.23342
-149.97426	72.00124
-149.96536	72.98558
-150.0325	74.001396
-150.00131	74.98921
-150.01547	75.98661
-150.0442	76.99748
-150.02747	78.00056
-150.01668	78.994415
-149.99013	80.00041
-149.9625	81.06846
-150.0491	82.0077
-150.01991	83.000595
-149.98123	84.00657
-149.96936	85.01407
-150.01793	86.0038
-150.0025	87.026146
-150.0138	87.84882
-146.26904	60.156548
-147.25446	60.61438
-146.83284	70.37613
-146.8144	71.238235
-147.03587	71.99533
-147.02444	72.992805
-146.97731	73.99255
-146.99306	74.992966
-147.0271	75.97812
-147.05638	76.9941
-147.10901	77.99902
-146.98734	78.99815
-146.99405	80.012436
-146.9873	81.05704
-146.9967	81.99123
-147.02422	82.996895
-147.01007	84.02744
-147.00717	84.99955
-146.9896	86.03618
-146.99368	87.0311
-146.99414	87.854095
-145.1159	60.090286
-144.09349	70.30983
-143.82005	71.120255
-144.00002	71.98436
-144.04315	72.98418
-144.01805	73.99033
-144.00624	74.9844
-144.04251	75.99009
-144.03998	76.99167
-144.00354	77.97605
-144.03401	79.011734
-144.02481	80.01239
-143.98703	81.056366
-143.99487	81.98853
-143.96797	82.9948
-143.98851	84.01442
-144.01978	85.0031
-143.999	86.00659
-144.01007	87.02536
-143.98383	87.85165
-140.57455	70.26134
-140.9835	71.00729
-141.05637	71.98162
-141.04909	73.00199
-141.01494	73.98781
-141.02338	74.9907
-140.97119	75.999954
-140.9935	76.98538
-140.98662	77.98754
-140.98508	79.01684
-141.04283	80.00243
-141.04596	81.06401
-141.11263	82.008354
-141.10312	82.99024
-141.13486	83.996704
-141.06775	85.03646
-140.96965	85.98753
-141.00291	87.03567
-140.99226	87.85159
-137.12215	69.28514
-137.80884	70.15776
-138.01294	70.97496
-137.98788	71.98399
-138.0236	72.997505
-138.02365	73.9829
-138.01157	74.99603
-138.01195	75.98867
-138.02417	77.00226
-138.02255	77.99983
-138.0185	79.001755
-137.97986	79.9233
-137.97862	81.08856
-138.0275	81.98601
-137.9958	82.9975
-137.9882	84.004776
-138.01778	85.120636
-138.0028	86.00191
-138.01633	87.03383
-137.99855	87.850815
-136.25577	69.265076
-135.27948	70.205925
-135.02411	70.96221
-135.00609	72.00793
-135.0409	72.98951
-135.01149	73.98359
-135.03543	74.99161
-134.99991	75.99655
-134.97952	76.99138
-134.97156	78.00764
-134.96703	79.00693
-134.9758	79.92662
-134.97517	81.10542
-134.95647	81.99217
-135.03282	83.00671
-134.98686	84.01629
-134.97519	85.1128
-135.02484	86.01954
-134.99648	87.03681
-135.01707	87.85343
-132.39285	70.24108
-132.08307	71.01799
-131.97124	72.003426
-131.98936	72.98458
-131.98892	73.98877
-131.9916	74.99122
-132.02834	75.993095
-131.9831	76.99361
-131.99777	77.99851
-132.00676	79.002106
-132.00743	79.92269
-132.01538	81.1033
-131.98967	82.013435
-131.94687	83.0025
-132.02576	83.99989
-132.01125	85.11774
-131.98172	86.0235
-132.00299	87.03357
-131.99907	87.85113
-129.21379	70.299286
-129.18472	71.16152
-128.96635	71.97606
-128.94557	72.983864
-128.95296	73.98499
-129.02103	74.995316
-128.97156	75.99786
-128.97139	76.988594
-128.99773	77.998184
-128.98514	79.014626
-129.00835	79.92746
-128.95287	81.10601
-128.99922	81.99884
-129.00871	82.999855
-128.972	84.00691
-128.99243	85.11682
-129.0005	86.002174
-129.0128	87.02794
-128.99513	87.848816
-125.888016	70.21172
-126.27774	71.04326
-126.98749	72.06934
-126.67884	73.035835
-126.27652	74.02873
-125.99685	74.99124
-126.00842	75.99105
-126.00112	76.99254
-125.97185	77.99296
-126.02195	78.98326
-125.99466	79.91932
-126.014114	81.11297
-126.021774	82.00394
-125.941864	82.9939
-126.015884	83.99793
-125.99692	85.126175
-125.99452	86.00604
-125.99184	87.041176
-125.997955	87.852325
-123.03555	70.17599
-123.14438	70.86522
-124.27506	73.85611
-123.464745	75.07905
-124.05538	75.9609
-123.380486	77.12152
-123.004684	77.99944
-123.00415	79.00895
-123.0058	79.93047
-123.001366	81.08603
-123.02673	82.002914
-123.044395	83.00289
-122.99558	84.00359
-122.99872	85.11162
-123.02869	86.0228
-122.99849	87.03532
-122.99748	87.85106
-119.3834	66.03341
-118.84339	69.39916
-119.90806	70.03501
-119.92791	70.97585
-119.28762	71.97871
-118.661736	72.6245
-119.424965	74.394844
-119.94403	74.98917
-119.53324	75.8438
-120.84057	77.360596
-120.16436	78.06015
-120.00829	79.001335
-120.0105	79.92284
-119.97819	81.0905
-119.9891	81.99597
-119.97679	83.006905
-119.991974	84.00441
-120.02483	85.11287
-120.00655	86.02221
-120.00794	87.04264
-119.98234	87.85169
-115.74765	61.071316
-118.36798	66.04869
-117.11115	69.21337
-117.54986	70.15849
-118.05322	70.68092
-116.80915	73.06403
-116.27244	74.273186
-117.37362	74.85501
-117.30755	76.18152
-115.8689	77.06681
-117.2882	78.22891
-116.9482	78.98604
-116.984604	79.92423
-117.00545	81.09023
-116.96163	81.99235
-116.9593	82.98947
-117.01421	84.00575
-116.99265	85.12027
-116.98783	86.01029
-117.00608	87.039024
-116.99491	87.853226
-114.61033	61.263115
-114.23102	61.80402
-113.4489	68.081245
-114.41542	69.00603
-114.12012	70.421776
-113.99727	70.5569
-113.288025	73.351845
-114.06269	73.948326
-114.635254	74.841606
-113.09761	76.40369
-114.02163	77.04403
-113.89773	78.06919
-114.15859	79.09037
-113.95737	79.91866
-113.950615	81.09512
-114.00818	82.011765
-114.00859	82.99571
-113.9688	83.9811
-113.998764	85.13412
-113.9986	85.99921
-113.98614	87.0431
-113.99706	87.85225
-111.95308	62.203064
-111.25884	68.181656
-110.96692	73.2366
-110.986664	73.99283
-110.08081	74.61323
-110.99671	76.091446
-111.09264	76.88555
-111.66635	78.1448
-111.39661	79.21483
-111.03124	79.94014
-110.96731	81.108696
-110.979294	82.00705
-111.02216	82.99172
-110.9794	84.01225
-110.98306	85.11566
-111.01672	86.020996
-111.01142	87.04391
-110.998276	87.853226
-108.898964	68.03426
-107.72167	68.81427
-108.66484	73.287155
-108.09253	74.0038
-107.94713	74.71216
-107.192856	76.28399
-107.848045	77.03629
-107.92452	77.98352
-108.01215	79.02248
-108.09845	79.99604
-108.01182	81.104355
-108.00808	82.01072
-107.95348	82.999596
-107.96877	84.00026
-107.97899	85.10763
-107.99585	86.0405
-107.99435	87.045364
-108.003334	87.85172
-104.00341	68.35013
-104.74546	68.76787
-103.921776	71.160446
-104.14801	72.11901
-104.09276	72.87096
-104.77579	74.092
-105.03947	74.85304
-105.12589	76.079445
-104.774704	76.97136
-104.92859	77.9796
-105.49855	78.82086
-105.18364	80.120476
-104.9879	81.09685
-105.00296	81.99447
-104.98749	82.9935
-104.99847	84.00133
-105.02575	85.1061
-104.97672	86.0143
-104.99733	87.04277
-105.003494	87.85533
-101.90912	68.199814
-101.35847	68.784
-101.154335	70.338295
-101.89965	71.00712
-102.1711	71.906075
-102.52166	73.17154
-102.1308	74.051704
-102.12275	74.96267
-102.46097	76.34754
-102.19842	77.05874
-102.20846	77.8942
-101.69155	79.342995
-102.067444	80.11502
-102.06739	81.10609
-101.988625	82.00729
-102.00492	83.00763
-102.01306	83.99321
-101.9945	85.11899
-102.00059	86.00055
-101.98527	87.03925
-102.00804	87.85314
-99.48639	68.14234
-99.46796	68.86752
-99.185	70.02354
-99.01732	70.992714
-100.00779	71.64832
-99.287926	74.244156
-98.81259	74.79276
-99.03482	77.11179
-98.86438	77.73575
-99.07347	79.09552
-98.49085	80.10081
-99.03116	81.122345
-98.909325	82.01693
-98.88224	82.99964
-98.87271	84.00174
-98.91989	85.02197
-99.01243	86.02421
-99.01085	87.034355
-98.99812	87.8554
-94.57052	60.093166
-95.713844	68.28448
-95.1816	69.02874
-96.83266	69.94808
-97.030815	71.039734
-96.026634	71.91783
-96.31493	73.15003
-96.19485	74.09439
-96.73567	74.88144
-96.36473	75.98216
-96.62109	77.218575
-95.220695	77.883965
-96.02914	78.97852
-96.93121	80.06418
-96.27624	81.21878
-96.0177	82.02233
-95.9964	82.99484
-96.00268	84.012856
-95.99156	84.99429
-95.9931	86.02336
-96.01239	87.03493
-95.98482	87.859535
-93.13545	60.25182
-92.92224	60.962036
-92.171875	61.836308
-91.73946	62.56844
-94.380226	69.239746
-91.8766	69.762
-92.04188	71.20866
-92.58231	71.98395
-92.465034	72.630264
-92.72408	74.33255
-92.94875	74.90985
-93.44159	75.87555
-92.581406	77.11638
-93.114975	78.03313
-94.08847	78.81504
-92.224976	81.364
-93.30447	82.18388
-93.03143	82.99662
-93.00949	84.0069
-93.004005	85.00713
-92.99094	86.00864
-93.007576	87.03786
-92.99778	87.858604
-90.01628	60.24884
-90.02443	61.00318
-90.05763	62.014748
-89.78068	62.957226
-89.29273	63.69955
-89.709236	69.26346
-89.91123	70.01693
-90.43151	70.96938
-90.782616	72.01145
-90.38952	73.03705
-89.6425	74.099915
-89.119415	76.01598
-89.89718	77.10692
-89.804955	77.86545
-90.91554	81.257385
-90.73672	82.3541
-90.04987	83.03016
-89.98839	84.00285
-89.989655	85.01335
-89.999115	86.00025
-89.986786	87.03755
-89.98159	87.85422
-87.154	60.250202
-87.00928	61.006798
-86.984116	62.00909
-87.33877	62.90727
-87.9571	63.91271
-86.71826	64.96736
-86.01642	65.999016
-87.21965	68.048584
-86.77479	69.05113
-87.27832	69.82526
-85.95011	72.19077
-85.97249	72.90782
-86.96837	74.146355
-87.07371	75.96624
-88.1103	77.28657
-87.91366	78.01894
-86.91275	78.77908
-86.84002	80.32035
-87.49499	80.561295
-87.16909	83.15911
-86.987724	84.01645
-87.00422	85.00445
-86.98628	86.01508
-87.00764	87.04084
-87.002045	87.85715
-83.98939	60.253998
-84.05155	61.044247
-84.12282	61.932922
-84.15777	62.87165
-83.30612	63.692608
-83.11305	65.30912
-83.4729	65.95104
-84.089386	69.89692
-85.19077	73.38217
-83.99882	74.06685
-84.11254	76.073784
-85.13472	79.04627
-84.03911	80.40841
-83.40302	80.57015
-84.14922	83.27516
-84.02443	84.01343
-83.98893	84.99758
-84.01815	86.02078
-83.99921	87.034966
-83.99948	87.85665
-80.83669	60.25069
-80.806015	61.0287
-81.2653	62.02196
-80.726425	62.937916
-80.030136	64.15023
-80.54424	65.091286
-80.663315	65.943344
-80.18342	66.861084
-80.27976	67.93866
-80.44835	69.03637
-81.51114	69.62562
-80.242676	72.66209
-80.96081	74.13839
-79.81226	74.65219
-81.10218	75.994774
-80.62388	80.6284
-81.3096	83.35792
-80.98607	84.00576
-81.029915	85.01349
-80.97171	86.02204
-80.98773	87.03556
-81.003815	87.85832
-78.6707	60.24359
-78.74152	61.055775
-78.74496	61.96318
-78.10738	62.964386
-78.71709	63.86507
-79.17075	65.134674
-78.090614	66.10726
-78.37759	66.89293
-78.67617	67.83519
-77.875336	68.97749
-78.227036	69.7004
-78.33124	72.73844
-77.51951	74.198166
-77.2648	74.93416
-77.75146	75.93691
-77.441574	77.12801
-77.27015	77.68543
-79.104324	80.8074
-78.545746	83.40297
-78.04613	84.03989
-78.00635	85.015495
-78.00898	86.00789
-78.00352	87.04363
-77.99131	87.85408
-75.07259	62.416977
-75.21292	62.967712
-75.259285	63.84916
-75.5145	65.43179
-75.92729	66.19051
-75.46041	66.79644
-74.583885	68.13253
-75.70557	68.73234
-73.79814	72.15661
-74.274086	73.14946
-74.81227	74.06526
-74.973915	74.90633
-74.924286	75.97795
-74.774796	77.010925
-74.47433	77.87326
-74.01399	78.97328
-75.28932	83.389824
-75.076645	84.09359
-74.96575	85.02122
-75.023926	86.0148
-75.00265	87.045944
-75.005165	87.856735
-71.1026	61.342636
-71.505554	62.097347
-72.64488	62.7789
-73.13666	63.704166
-73.10731	67.23405
-73.17556	67.74659
-71.586075	72.24395
-71.983	73.01633
-71.97253	74.01531
-71.9567	74.95737
-71.916084	75.99228
-72.23415	76.94311
-72.754654	77.77984
-72.13665	79.07356
-71.37883	79.60547
-72.037094	84.159386
-72.011055	85.00499
-72.0227	86.012024
-71.976875	87.0406
-72.015945	87.86046
-68.62143	60.233925
-68.75555	61.053062
-69.44235	61.80552
-68.22929	63.18175
-67.670265	68.90067
-67.69517	70.278915
-68.301796	71.21364
-68.77693	72.063194
-68.96127	73.01951
-68.986694	74.0064
-68.93102	74.97124
-69.24838	75.791534
-70.000145	77.2345
-69.29076	79.257614
-68.788315	79.9532
-68.0359	80.5965
-68.97208	84.16722
-69.00415	85.00142
-69.00733	86.01575
-68.98623	87.04042
-69.004395	87.858864
-66.48785	60.255325
-66.521355	60.83899
-65.78122	61.87268
-66.15957	62.76627
-65.4982	65.139854
-66.54347	65.784065
-65.677925	68.30507
-65.28715	69.09183
-65.40046	70.07074
-65.77804	71.03067
-65.99728	72.01015
-65.97931	72.9974
-65.953125	74.02607
-65.97168	74.98881
-65.93863	75.66236
-66.67061	79.36621
-66.38973	79.7868
-65.775116	80.95227
-65.97095	84.12328
-66.00208	85.00323
-66.00069	85.99869
-66.01355	87.03898
-65.99815	87.85979
-62.946667	60.2481
-62.614765	60.993248
-62.50639	61.98807
-62.351276	62.946556
-62.11196	63.96572
-62.453056	64.85076
-61.854218	65.814896
-61.97231	67.356384
-62.44352	68.11749
-62.951782	69.003395
-63.013176	70.03701
-63.000793	71.005905
-62.94208	71.99903
-62.959915	73.00943
-62.98255	74.02654
-63.004696	74.99477
-62.991344	75.66809
-63.370266	81.34025
-62.517357	83.40423
-62.954475	84.06994
-63.020123	85.01796
-63.008068	86.01007
-63.001747	87.04074
-62.999275	87.85819
-59.961166	60.253773
-59.84417	60.995045
-59.90684	61.99919
-59.922394	63.00285
-59.82621	64.00087
-59.843204	64.98594
-59.796326	65.97631
-59.818638	67.06397
-59.93702	67.993805
-59.975574	69.00467
-59.98933	70.02518
-60.032036	71.010086
-59.9275	72.01037
-59.940475	72.98801
-60.349503	73.94068
-60.785187	74.86857
-60.544773	75.67384
-59.468628	83.29579
-59.959095	84.0191
-60.013084	84.999466
-59.99572	86.0073
-59.997265	87.042244
-60.000103	87.85527
-57.30823	60.247437
-57.07123	61.024097
-56.999935	61.995243
-57.007095	62.992676
-57.031605	63.994152
-57.09676	64.99744
-56.96562	65.99241
-56.869137	66.96418
-57.119465	68.01245
-57.231533	69.00711
-57.36069	69.96592
-57.55317	71.00755
-57.79398	71.95677
-57.929516	72.895035
-57.710396	73.90693
-58.035583	74.79607
-57.212494	83.31261
-56.997364	84.00871
-57.02339	85.0047
-57.018444	86.02401
-56.99753	87.04232
-57.014446	87.85895
-53.916607	60.255573
-54.09556	61.02286
-54.257076	61.998184
-54.14154	63.00516
-54.18421	63.98372
-54.33493	64.95386
-54.634983	65.8699
-54.62237	66.92899
-54.66538	68.02358
-54.420208	68.96865
-55.23863	69.95909
-54.487812	70.98786
-54.39936	83.38274
-54.04063	84.01879
-54.012856	85.00108
-53.991917	86.01848
-53.995644	87.045166
-53.985073	87.854195
-50.862522	60.244118
-51.04327	60.993195
-51.208042	61.988358
-51.78067	62.929375
-52.23021	63.75759
-52.41573	64.60544
-51.828266	69.13345
-51.660275	69.617714
-52.020885	70.84267
-51.115387	83.34993
-51.055042	84.053406
-50.997944	85.00892
-51.013638	86.012436
-50.991856	87.03876
-51.009827	87.8545
-48.01035	60.231384
-48.71113	60.777905
-48.23525	83.33431
-48.02767	84.11481
-48.02784	85.00302
-47.98193	86.0107
-47.990856	87.04864
-48.00552	87.856895
-46.087967	60.196667
-46.33183	60.571243
-45.12098	84.163376
-44.99647	85.00742
-45.022778	86.02697
-44.998592	87.0488
-44.988194	87.85356
-41.568523	60.252922
-41.22971	60.982613
-40.967537	61.934727
-40.909405	62.755245
-42.088593	84.225006
-41.98718	85.014656
-41.9861	86.00531
-41.99368	87.0522
-41.99094	87.85502
-38.77814	60.24664
-39.09193	61.019394
-39.398746	62.030315
-39.149708	63.003494
-38.59816	63.939747
-38.19498	64.78795
-39.093517	84.265175
-38.997887	85.01143
-38.99196	86.003456
-38.98993	87.04328
-38.99048	87.856834
-35.86892	60.24889
-36.06379	61.00642
-36.059967	62.00553
-35.997597	63.01592
-36.223045	64.10032
-35.828598	64.89173
-34.97535	65.67629
-36.03823	84.30185
-35.99584	85.00452
-35.983223	86.00892
-35.990578	87.035934
-35.995796	87.85637
-33.037045	60.25058
-32.94725	60.986584
-32.98227	62.020596
-33.00752	63.019592
-33.045994	64.052734
-33.116695	65.081535
-32.780537	65.87098
-32.177227	66.822174
-31.844893	67.714516
-33.022038	84.320564
-33.004726	85.00164
-33.000435	86.01621
-33.0111	87.03787
-32.99866	87.85184
-30.145063	60.245743
-29.940172	60.995583
-29.964556	62.000908
-30.002428	63.00299
-29.984594	63.999466
-30.146936	65.131676
-29.958723	65.983116
-29.893496	66.88782
-29.752728	67.74195
-30.022429	84.338455
-30.01084	85.00962
-29.99324	86.02297
-30.001284	87.028435
-29.989311	87.85119
-27.05326	60.258945
-27.01914	61.006126
-27.052387	61.98842
-27.01521	62.977734
-26.98479	63.980602
-27.050339	65.029625
-27.037544	66.02146
-26.81435	66.95027
-26.542732	67.84344
-25.975178	68.617836
-26.817427	84.31388
-26.991545	85.00549
-26.99454	86.00842
-27.000652	87.02923
-27.019268	87.85125
-23.798346	60.2468
-24.01261	61.00931
-23.999277	61.985897
-23.97651	62.978695
-24.042488	64.00029
-24.449205	65.01297
-24.73821	66.20015
-24.032206	67.03611
-23.807924	67.941956
-23.437233	68.77856
-23.130075	70.267876
-24.76888	70.7788
-23.19594	72.16748
-23.795094	84.20483
-23.9909	85.00239
-24.00332	86.01663
-24.007845	87.02838
-24.004873	87.85011
-20.439787	60.246826
-20.512848	61.011818
-20.43245	62.008553
-20.467722	62.980946
-21.828682	63.687992
-20.60159	66.265366
-20.82897	67.080696
-20.98413	68.00232
-20.72079	68.921585
-20.174702	69.831245
-19.937817	71.02795
-20.02787	71.9441
-20.727097	73.01051
-20.056976	73.95558
-19.650547	74.85862
-19.7975	76.32968
-20.234911	76.66553
-20.14195	83.42578
-20.913427	84.07927
-20.979464	84.99879
-20.996893	86.00923
-20.998741	87.03451
-20.994686	87.85134
-18.002483	60.251465
-17.959755	61.02181
-17.986242	62.002598
-17.879448	62.9575
-16.995895	63.606148
-18.484413	66.36278
-18.071852	67.033646
-17.993324	67.993225
-17.929989	68.989136
-17.842854	69.95973
-17.780226	70.98588
-17.703167	71.94574
-17.69149	72.92532
-17.20219	73.86027
-18.094406	74.92214
-18.122627	76.0104
-17.776749	76.96825
-18.18947	77.98977
-17.97288	78.93749
-17.000868	79.72
-17.479214	83.33816
-17.959364	84.01693
-17.993118	85.00783
-17.99168	86.004265
-17.995325	87.03185
-17.98657	87.85261
-15.057847	60.248756
-14.988127	61.001034
-14.994978	61.99933
-15.004787	62.99819
-14.593932	63.854553
-13.691131	64.61826
-13.996657	66.24095
-14.935101	67.023834
-15.024479	68.000374
-14.980695	69.00262
-15.008879	69.96274
-15.009457	71.01087
-14.987423	71.972824
-14.832534	72.97447
-14.898286	73.952194
-14.6591425	74.93376
-14.482428	75.99364
-14.479464	77.0069
-14.499699	78.02402
-14.548429	78.98965
-14.953687	79.900375
-14.040791	80.67054
-14.72177	83.17366
-15.009799	83.986206
-14.992329	85.01672
-15.021544	85.99621
-14.99026	87.02397
-15.005398	87.85101
-11.992754	60.253017
-12.010492	61.00152
-12.009317	61.99623
-12.020167	62.99191
-12.01533	63.994076
-11.980239	64.99022
-12.01367	65.99814
-12.02051	66.99912
-11.991947	68.002144
-11.996453	68.99876
-12.001947	69.95049
-12.040183	71.03333
-11.924406	71.98834
-11.957499	72.99918
-11.915021	73.986336
-11.777049	74.92735
-11.963527	75.9999
-11.963603	76.994385
-12.046153	78.01185
-12.035977	78.96503
-11.646197	79.88846
-11.586104	80.991684
-11.258721	82.360855
-11.946983	83.024574
-11.988384	83.99344
-12.01043	85.00805
-11.994381	85.99378
-12.011366	87.028046
-11.999833	87.85306
-8.919462	60.248096
-9.008127	61.00215
-9.013354	61.999393
-9.004134	62.997307
-8.998	63.99855
-9.009906	65.00077
-8.996675	65.99975
-8.998312	66.99383
-8.992927	68.00178
-9.023707	69.00411
-9.001201	69.94734
-9.153007	71.03075
-9.047059	72.01688
-8.976941	72.99053
-8.952436	73.98792
-8.93922	74.973526
-8.802096	75.92285
-8.937198	76.98974
-8.985253	77.99052
-8.989381	79.009285
-8.975208	79.98232
-8.749241	80.87005
-8.684986	82.126076
-8.980722	82.99304
-9.008102	84.000755
-8.999909	85.00037
-9.003942	86.00362
-9.006563	87.03253
-8.992686	87.85259
-5.963866	60.250137
-5.9805894	60.99274
-5.761149	61.96721
-5.9988656	63.006935
-6.0048304	64.00303
-6.0044084	65.00443
-6.007851	66.003204
-5.988769	66.99967
-5.977731	67.99734
-5.9942856	68.99902
-6.00975	69.91201
-6.084448	71.03986
-6.060309	72.0257
-6.123161	73.014565
-6.060385	73.97687
-5.98027	74.99226
-5.9291334	75.9676
-5.8218646	76.94767
-5.927001	77.99183
-5.9362626	78.99032
-5.967186	80.0065
-5.9644504	81.03598
-5.95469	81.994576
-5.986938	82.99526
-5.9977336	83.99989
-6.007411	85.003334
-5.9838033	85.998825
-5.995444	87.03179
-6.0020065	87.85093
-3.0844824	60.24812
-2.9786508	60.999775
-2.9871051	62.003426
-3.0183067	63.002773
-3.005327	64.00415
-2.980043	65.002785
-2.9959025	66.00505
-3.0136137	67.00097
-2.9955268	67.998474
-3.0031195	69.0047
-3.0269651	69.875854
-3.059031	71.06887
-3.0471494	72.02708
-3.001466	73.00379
-3.0044906	73.99674
-3.0327713	75.00266
-2.9810362	75.993645
-2.8805182	76.989456
-2.6944106	77.95334
-2.856844	78.949745
-2.986833	80.00166
-2.9750948	81.05944
-3.011262	81.99097
-2.9888728	82.97809
-3.0065129	84.011024
-2.9920247	84.99863
-3.002839	86.00059
-2.9892316	87.025856
-2.9885266	87.85209
-0.4571282	60.23297
-0.6661428	61.071117
-0.7462705	61.98784
-0.752831	62.98245
-0.7516972	63.981796
-0.7593587	64.98718
-0.7585446	65.98822
-0.76004153	66.98764
-0.74764377	68.01205
-0.753103	69.00425
-0.7768545	69.836494
-0.7892832	71.04403
-0.75662	72.01599
-0.7494527	72.99773
-0.8015805	73.99533
-0.7763575	74.995125
-0.7746001	76.00395
-0.79494447	77.055916
-0.72945476	77.98973
-0.70918894	78.91679
-0.72456634	79.99195
-0.7443553	81.04153
-0.7580349	81.9841
-0.7571514	82.9933
-0.7574609	84.0015
-0.7404645	84.98918
-0.7563215	85.99321
-0.7531036	87.01286
-0.75308436	87.85461
-97.55931	52.281254
-98.13227	53.009106
-98.326225	53.59503
-96.7843	50.793015
-93.81442	59.1958
-93.837364	59.76965
-91.891556	57.33475
-91.77218	58.032963
-91.98334	58.99778
-92.008675	59.73848
-89.80978	57.320404
-89.94706	58.002567
-89.97062	58.984394
-90.05468	59.74299
-87.40899	56.2627
-87.86291	57.092453
-87.93187	57.984215
-87.97819	59.00608
-88.10146	59.76257
-85.73662	56.123543
-85.96026	56.98505
-85.94663	58.006836
-85.89094	59.00937
-86.01094	59.761097
-83.82606	55.399048
-83.87294	56.010147
-83.962	56.978504
-83.97842	58.021442
-84.00389	58.98935
-84.01332	59.715668
-81.197426	52.311768
-81.4987	53.1558
-81.62768	54.030167
-81.6228	55.11405
-81.98272	56.013172
-82.004745	57.003983
-81.99554	58.006134
-82.05018	59.003506
-82.0374	59.75025
-80.185486	51.404488
-80.00016	52.0822
-79.92086	52.99578
-80.08879	53.972866
-80.12482	55.08419
-80.427505	55.887966
-80.169525	57.01884
-79.97817	57.992043
-79.96989	58.980186
-79.77902	59.775986
-78.86611	52.267048
-78.44441	55.282906
-77.96851	55.97578
-77.92732	57.003975
-78.29421	57.91544
-78.70073	59.130833
-78.34694	59.78248
-76.866646	56.08385
-69.172646	59.752956
-67.85324	59.112995
-67.97167	59.74554
-65.73268	50.09219
-66.62093	59.143444
-66.20566	59.79782
-64.28799	50.095818
-63.202152	59.31711
-63.43339	59.77544
-62.09964	50.0978
-61.190765	57.278637
-61.56566	58.16264
-62.01233	58.98913
-61.95254	59.733604
-59.301006	50.147552
-59.05743	50.591064
-59.45449	55.38005
-59.794643	56.05394
-59.902622	57.017662
-59.836636	57.988674
-59.865047	59.021194
-59.861958	59.76491
-58.284264	50.251015
-57.966267	50.862198
-57.31058	54.310375
-57.782406	55.1803
-57.96936	56.09248
-57.9127	57.02871
-57.95216	57.98876
-57.98299	59.009544
-58.00773	59.767143
-55.526638	50.23798
-55.380352	50.99482
-55.4684	51.918053
-55.326656	52.93438
-55.739677	54.077232
-55.919365	55.03697
-56.018883	56.01616
-55.9942	56.980568
-56.00256	58.018993
-56.01304	58.99744
-56.00047	59.732403
-53.987827	50.252865
-53.959988	51.033817
-53.916126	52.02064
-53.95979	53.0299
-53.99514	54.007877
-53.94438	55.0339
-53.964645	55.992817
-53.99583	56.97683
-53.995598	58.02363
-54.014614	59.00187
-54.030853	59.73811
-51.835022	50.251312
-51.975086	50.969147
-51.97343	51.971657
-51.947113	52.989525
-51.97591	53.988377
-51.980976	55.004124
-52.019497	56.021114
-52.011677	57.00696
-51.999912	57.981247
-51.979187	59.00563
-51.97023	59.766773
-49.943237	50.251297
-49.95763	50.981068
-49.967518	51.999443
-49.99552	52.9833
-49.99326	53.992153
-50.017193	55.00001
-49.99011	56.006123
-49.981068	57.007248
-50.010742	57.98849
-50.008472	59.000275
-50.03431	59.75378
-48.00492	50.249622
-47.964367	51.02281
-47.981857	52.049397
-47.99522	53.021027
-48.004417	54.035366
-48.00894	54.993572
-47.996635	55.96491
-47.99485	57.010067
-48.03707	58.008984
-47.98825	58.9781
-47.97106	59.73512
-46.03663	50.252136
-45.99315	50.989323
-46.015686	52.003647
-45.992565	52.992516
-45.99893	53.995193
-46.008457	55.00249
-45.986572	55.996872
-46.002316	57.008636
-46.006935	57.993103
-45.991875	58.996048
-46.06288	59.73937
